0.486556 0.592374 0.030535 0.108908 0.396940 0.045113 0.087719 0.027569 0.112782 0.027569 0.130326 0.020050 0.157895 0.020050 0.165414 0.020050 0.172932 0.007519 0.187970 0.002506 0.203008 0.173559 
0.333217 0.624746 0.066976 0.126129 0.408582 0.037594 0.120301 0.027569 0.152882 0.025063 0.167920 0.020050 0.197995 0.020050 0.205514 0.020050 0.213033 0.007519 0.228070 0.007519 0.248120 0.212406 
0.304622 0.526399 0.052138 0.053350 0.342088 0.045113 0.087719 0.030075 0.115288 0.030075 0.132832 0.022556 0.160401 0.022556 0.167920 0.022556 0.175439 0.007519 0.187970 0.005013 0.205514 0.177318 
0.279993 0.483332 0.060000 0.041378 0.312226 0.057644 0.072682 0.040100 0.097744 0.040100 0.115288 0.027569 0.137845 0.027569 0.145363 0.027569 0.152882 0.010025 0.162907 0.005013 0.177945 0.162281 
0.262516 0.523842 0.086622 0.067092 0.363161 0.040100 0.110276 0.027569 0.140351 0.027569 0.157895 0.020050 0.185464 0.020050 0.192982 0.020050 0.200501 0.005013 0.213033 0.002506 0.230576 0.199248 
0.248011 0.500602 0.092707 0.056051 0.344080 0.042607 0.105263 0.027569 0.132832 0.027569 0.150376 0.020050 0.177945 0.020050 0.180451 0.017544 0.185464 0.007519 0.203008 0.007519 0.213033 0.189850 
0.221555 0.482031 0.107374 0.036244 0.303030 0.060150 0.085213 0.042607 0.110276 0.040100 0.125313 0.027569 0.135338 0.030075 0.130326 0.030075 0.132832 0.017544 0.145363 0.017544 0.150376 0.160088 
0.204070 0.452798 0.132354 0.033191 0.279246 0.062657 0.070175 0.050125 0.100251 0.050125 0.112782 0.037594 0.122807 0.047619 0.090226 0.090226 0.060150 0.065163 0.062657 0.067669 0.032581 0.140351 
0.191632 0.439964 0.114125 0.029643 0.278572 0.050125 0.065163 0.037594 0.095238 0.040100 0.112782 0.035088 0.135338 0.035088 0.135338 0.045113 0.087719 0.035088 0.092732 0.035088 0.082707 0.140038 
0.175134 0.441305 0.116543 0.030926 0.269579 0.057644 0.075188 0.040100 0.100251 0.040100 0.115288 0.032581 0.130326 0.035088 0.130326 0.050125 0.077694 0.045113 0.075188 0.042607 0.077694 0.140664 
0.148484 0.432579 0.115412 0.027095 0.261220 0.057644 0.065163 0.045113 0.095238 0.042607 0.110276 0.035088 0.132832 0.042607 0.125313 0.055138 0.080201 0.052632 0.057644 0.045113 0.062657 0.138158 
0.132929 0.435637 0.117070 0.028252 0.254450 0.062657 0.065163 0.047619 0.092732 0.047619 0.110276 0.035088 0.127820 0.040100 0.122807 0.052632 0.087719 0.072682 0.045113 0.060150 0.052632 0.140351 
0.127680 0.427114 0.113115 0.027122 0.249141 0.062657 0.080201 0.045113 0.105263 0.042607 0.117794 0.032581 0.130326 0.035088 0.120301 0.037594 0.105263 0.067669 0.045113 0.057644 0.045113 0.141291 
0.099236 0.443334 0.123075 0.030964 0.243718 0.080201 0.067669 0.055138 0.085213 0.052632 0.100251 0.035088 0.112782 0.040100 0.097744 0.055138 0.082707 0.080201 0.032581 0.067669 0.032581 0.134712 
0.090279 0.431534 0.110128 0.022474 0.227524 0.072682 0.062657 0.055138 0.087719 0.052632 0.102757 0.037594 0.117794 0.045113 0.112782 0.052632 0.090226 0.072682 0.050125 0.062657 0.045113 0.140038 
0.073827 0.409410 0.122955 0.037470 0.236767 0.090226 0.050125 0.060150 0.062657 0.055138 0.075188 0.037594 0.087719 0.042607 0.085213 0.065163 0.067669 0.087719 0.032581 0.087719 0.017544 0.125627 
0.082716 0.404623 0.092380 0.024421 0.219351 0.055138 0.067669 0.037594 0.092732 0.035088 0.107769 0.027569 0.130326 0.032581 0.135338 0.032581 0.122807 0.047619 0.075188 0.057644 0.040100 0.137218 
0.063683 0.405674 0.101089 0.022388 0.214495 0.065163 0.065163 0.045113 0.087719 0.042607 0.102757 0.030075 0.122807 0.035088 0.122807 0.055138 0.112782 0.055138 0.062657 0.070175 0.027569 0.137845 
0.067991 0.402158 0.085062 0.021658 0.200014 0.060150 0.072682 0.042607 0.097744 0.040100 0.112782 0.027569 0.135338 0.032581 0.132832 0.035088 0.122807 0.040100 0.072682 0.062657 0.045113 0.141604 
0.079543 0.444111 0.105193 0.029266 0.182650 0.092732 0.060150 0.072682 0.082707 0.065163 0.092732 0.047619 0.107769 0.055138 0.107769 0.060150 0.097744 0.060150 0.067669 0.060150 0.042607 0.146617 
0.068015 0.417433 0.093416 0.019704 0.186560 0.072682 0.070175 0.055138 0.095238 0.052632 0.110276 0.037594 0.130326 0.042607 0.130326 0.045113 0.120301 0.045113 0.085213 0.065163 0.040100 0.149749 
0.052162 0.413593 0.082970 0.024055 0.176926 0.070175 0.065163 0.052632 0.090226 0.050125 0.105263 0.040100 0.125313 0.047619 0.122807 0.050125 0.107769 0.047619 0.077694 0.052632 0.050125 0.144424 
0.052960 0.424424 0.086174 0.022468 0.175319 0.065163 0.077694 0.047619 0.102757 0.045113 0.117794 0.030075 0.135338 0.035088 0.137845 0.040100 0.122807 0.035088 0.080201 0.055138 0.050125 0.147243 
0.048673 0.404419 0.096491 0.019371 0.172778 0.072682 0.072682 0.050125 0.092732 0.047619 0.107769 0.032581 0.122807 0.040100 0.125313 0.050125 0.092732 0.062657 0.057644 0.067669 0.030075 0.140664 
0.040648 0.405961 0.076539 0.022089 0.153010 0.067669 0.070175 0.050125 0.095238 0.047619 0.110276 0.035088 0.130326 0.035088 0.127820 0.042607 0.105263 0.035088 0.085213 0.052632 0.057644 0.143484 
0.037036 0.387174 0.079302 0.017330 0.153635 0.067669 0.065163 0.047619 0.087719 0.045113 0.102757 0.032581 0.122807 0.037594 0.122807 0.047619 0.095238 0.052632 0.070175 0.060150 0.037594 0.136905 
0.025043 0.395683 0.077933 0.020220 0.143123 0.072682 0.065163 0.055138 0.090226 0.052632 0.105263 0.037594 0.125313 0.045113 0.115288 0.050125 0.095238 0.045113 0.065163 0.060150 0.045113 0.140664 
0.021722 0.389382 0.071390 0.020900 0.138301 0.062657 0.075188 0.045113 0.095238 0.042607 0.110276 0.030075 0.132832 0.032581 0.137845 0.035088 0.117794 0.042607 0.075188 0.057644 0.055138 0.143484 
0.024703 0.390905 0.070853 0.021948 0.139600 0.055138 0.072682 0.040100 0.097744 0.040100 0.115288 0.030075 0.140351 0.030075 0.135338 0.032581 0.130326 0.040100 0.092732 0.052632 0.055138 0.145050 
0.027545 0.409832 0.067661 0.032283 0.136283 0.067669 0.075188 0.052632 0.097744 0.050125 0.112782 0.035088 0.132832 0.035088 0.135338 0.040100 0.110276 0.040100 0.077694 0.050125 0.072682 0.148183 
0.023147 0.390142 0.073372 0.017469 0.119095 0.065163 0.070175 0.052632 0.085213 0.050125 0.100251 0.035088 0.120301 0.040100 0.122807 0.045113 0.095238 0.050125 0.070175 0.060150 0.042607 0.138158 
0.022556 0.384231 0.069318 0.022098 0.118327 0.067669 0.072682 0.055138 0.092732 0.050125 0.105263 0.032581 0.122807 0.035088 0.120301 0.037594 0.105263 0.042607 0.070175 0.057644 0.050125 0.139724 
0.018650 0.397092 0.072185 0.021568 0.110655 0.062657 0.080201 0.050125 0.090226 0.047619 0.105263 0.032581 0.125313 0.037594 0.125313 0.050125 0.095238 0.047619 0.080201 0.055138 0.062657 0.143484 
0.019847 0.368519 0.067531 0.015582 0.107036 0.060150 0.070175 0.052632 0.082707 0.050125 0.095238 0.037594 0.117794 0.042607 0.107769 0.052632 0.075188 0.052632 0.057644 0.062657 0.042607 0.132519 
0.026501 0.397409 0.070012 0.023734 0.103142 0.070175 0.072682 0.067669 0.085213 0.065163 0.100251 0.047619 0.117794 0.047619 0.115288 0.060150 0.095238 0.055138 0.070175 0.060150 0.057644 0.148496 
0.024182 0.374451 0.072425 0.016851 0.099869 0.077694 0.072682 0.067669 0.087719 0.065163 0.102757 0.045113 0.117794 0.050125 0.110276 0.060150 0.067669 0.055138 0.047619 0.060150 0.037594 0.140664 
0.032197 0.388086 0.082861 0.021186 0.106638 0.075188 0.060150 0.075188 0.070175 0.072682 0.075188 0.052632 0.087719 0.057644 0.082707 0.070175 0.055138 0.065163 0.042607 0.072682 0.040100 0.131892 
0.029054 0.363354 0.061619 0.018294 0.092933 0.060150 0.077694 0.055138 0.087719 0.057644 0.102757 0.040100 0.120301 0.047619 0.110276 0.067669 0.072682 0.060150 0.070175 0.060150 0.037594 0.140977 
0.029191 0.378021 0.071102 0.020424 0.096173 0.070175 0.077694 0.060150 0.082707 0.062657 0.092732 0.042607 0.107769 0.052632 0.105263 0.072682 0.072682 0.060150 0.045113 0.060150 0.035088 0.137531 
0.024540 0.391103 0.056327 0.034385 0.100069 0.062657 0.082707 0.045113 0.095238 0.050125 0.102757 0.035088 0.122807 0.037594 0.130326 0.050125 0.102757 0.047619 0.077694 0.060150 0.065163 0.145990 
0.017403 0.379267 0.067041 0.020136 0.095787 0.057644 0.077694 0.045113 0.097744 0.047619 0.105263 0.035088 0.127820 0.035088 0.130326 0.050125 0.095238 0.055138 0.065163 0.062657 0.057644 0.143170 
0.016957 0.407128 0.066445 0.025737 0.084420 0.065163 0.087719 0.047619 0.097744 0.050125 0.100251 0.037594 0.122807 0.040100 0.122807 0.057644 0.085213 0.055138 0.060150 0.052632 0.050125 0.141604 
0.016474 0.402234 0.058671 0.027094 0.084939 0.057644 0.085213 0.047619 0.100251 0.060150 0.095238 0.040100 0.110276 0.040100 0.117794 0.055138 0.072682 0.060150 0.055138 0.060150 0.045113 0.137845 
0.026106 0.381326 0.064026 0.020222 0.081285 0.062657 0.077694 0.065163 0.087719 0.067669 0.080201 0.047619 0.095238 0.047619 0.097744 0.062657 0.065163 0.062657 0.045113 0.065163 0.045113 0.134398 
0.024205 0.386635 0.058095 0.025190 0.085480 0.050125 0.095238 0.037594 0.107769 0.050125 0.107769 0.035088 0.127820 0.035088 0.135338 0.050125 0.095238 0.060150 0.070175 0.062657 0.045113 0.145677 
0.031508 0.402218 0.056437 0.029228 0.080631 0.052632 0.080201 0.045113 0.100251 0.062657 0.102757 0.047619 0.122807 0.047619 0.130326 0.060150 0.087719 0.055138 0.065163 0.052632 0.057644 0.146303 
0.033648 0.391336 0.058474 0.021370 0.081993 0.055138 0.082707 0.042607 0.095238 0.057644 0.095238 0.040100 0.112782 0.040100 0.117794 0.042607 0.085213 0.055138 0.052632 0.060150 0.052632 0.135965 
0.044045 0.392469 0.054255 0.028446 0.080909 0.055138 0.092732 0.040100 0.102757 0.045113 0.095238 0.032581 0.117794 0.032581 0.125313 0.047619 0.090226 0.055138 0.072682 0.057644 0.057644 0.140038 
0.025384 0.403526 0.059480 0.029719 0.077684 0.067669 0.085213 0.060150 0.100251 0.067669 0.090226 0.047619 0.097744 0.047619 0.105263 0.060150 0.075188 0.060150 0.057644 0.060150 0.050125 0.141604 
0.021940 0.424790 0.059916 0.024585 0.073465 0.057644 0.080201 0.050125 0.097744 0.060150 0.095238 0.047619 0.100251 0.047619 0.107769 0.060150 0.070175 0.060150 0.052632 0.055138 0.035088 0.134712 
0.018859 0.390065 0.061215 0.033863 0.081903 0.055138 0.097744 0.040100 0.105263 0.045113 0.105263 0.035088 0.117794 0.035088 0.122807 0.047619 0.090226 0.047619 0.067669 0.057644 0.060150 0.141291 
0.013316 0.400833 0.063557 0.027546 0.073160 0.057644 0.102757 0.045113 0.105263 0.052632 0.112782 0.047619 0.112782 0.047619 0.120301 0.055138 0.092732 0.052632 0.065163 0.055138 0.040100 0.145677 
0.010639 0.395069 0.061208 0.024070 0.071355 0.062657 0.090226 0.050125 0.097744 0.057644 0.097744 0.047619 0.102757 0.050125 0.110276 0.057644 0.085213 0.060150 0.050125 0.062657 0.040100 0.140351 
0.009811 0.374019 0.055678 0.022396 0.067332 0.057644 0.090226 0.045113 0.100251 0.062657 0.090226 0.047619 0.087719 0.047619 0.095238 0.062657 0.082707 0.060150 0.050125 0.055138 0.037594 0.134085 
0.012474 0.376049 0.065022 0.021828 0.069362 0.057644 0.082707 0.057644 0.095238 0.062657 0.087719 0.057644 0.082707 0.057644 0.090226 0.065163 0.075188 0.060150 0.050125 0.060150 0.032581 0.134398 
0.007977 0.374954 0.052965 0.026711 0.072029 0.050125 0.090226 0.040100 0.102757 0.050125 0.107769 0.040100 0.107769 0.040100 0.115288 0.055138 0.092732 0.052632 0.070175 0.060150 0.052632 0.140977 
0.006378 0.385286 0.057484 0.026661 0.067496 0.055138 0.090226 0.042607 0.105263 0.052632 0.107769 0.045113 0.095238 0.045113 0.100251 0.055138 0.080201 0.055138 0.067669 0.060150 0.040100 0.137218 
0.006043 0.353570 0.066339 0.015267 0.073322 0.055138 0.085213 0.045113 0.097744 0.057644 0.090226 0.065163 0.070175 0.065163 0.077694 0.070175 0.067669 0.075188 0.035088 0.067669 0.027569 0.131579 
0.006370 0.373808 0.057233 0.019013 0.063173 0.055138 0.090226 0.042607 0.100251 0.060150 0.105263 0.050125 0.090226 0.050125 0.097744 0.060150 0.077694 0.057644 0.055138 0.065163 0.040100 0.137218 
0.007369 0.360414 0.054914 0.020489 0.061749 0.057644 0.085213 0.045113 0.100251 0.052632 0.102757 0.055138 0.077694 0.055138 0.085213 0.062657 0.070175 0.057644 0.050125 0.060150 0.040100 0.132206 
0.008466 0.363343 0.058534 0.020619 0.066252 0.052632 0.092732 0.040100 0.105263 0.055138 0.105263 0.047619 0.097744 0.047619 0.105263 0.057644 0.077694 0.060150 0.057644 0.060150 0.032581 0.136905 
0.007177 0.385507 0.055329 0.025294 0.062958 0.052632 0.087719 0.042607 0.102757 0.057644 0.102757 0.052632 0.092732 0.052632 0.100251 0.060150 0.082707 0.060150 0.050125 0.057644 0.045113 0.137531 
0.006564 0.395686 0.050687 0.029724 0.063792 0.057644 0.085213 0.045113 0.100251 0.057644 0.102757 0.050125 0.090226 0.050125 0.097744 0.055138 0.080201 0.057644 0.060150 0.057644 0.042607 0.136278 
0.009191 0.385717 0.052129 0.029177 0.064019 0.050125 0.090226 0.040100 0.107769 0.050125 0.107769 0.047619 0.090226 0.047619 0.097744 0.062657 0.082707 0.050125 0.060150 0.062657 0.047619 0.136905 
0.009123 0.370213 0.054863 0.023235 0.058811 0.057644 0.087719 0.050125 0.097744 0.057644 0.100251 0.055138 0.080201 0.055138 0.087719 0.065163 0.072682 0.067669 0.045113 0.060150 0.035088 0.134398 
0.012631 0.412039 0.049447 0.033283 0.067016 0.057644 0.092732 0.040100 0.102757 0.057644 0.105263 0.045113 0.090226 0.050125 0.097744 0.057644 0.077694 0.055138 0.062657 0.055138 0.050125 0.137218 
0.023738 0.396893 0.060655 0.019903 0.060002 0.060150 0.087719 0.045113 0.100251 0.060150 0.102757 0.060150 0.090226 0.060150 0.097744 0.060150 0.085213 0.057644 0.045113 0.057644 0.035088 0.138158 
0.027831 0.399488 0.062130 0.022685 0.064643 0.057644 0.092732 0.042607 0.105263 0.055138 0.100251 0.057644 0.090226 0.057644 0.097744 0.057644 0.072682 0.065163 0.055138 0.060150 0.027569 0.136905 
0.034426 0.390570 0.054903 0.017072 0.058703 0.052632 0.090226 0.040100 0.102757 0.050125 0.097744 0.045113 0.077694 0.045113 0.085213 0.060150 0.080201 0.062657 0.062657 0.057644 0.047619 0.132206 
0.035259 0.430147 0.058175 0.023181 0.060273 0.052632 0.087719 0.047619 0.102757 0.055138 0.105263 0.062657 0.080201 0.060150 0.085213 0.055138 0.067669 0.060150 0.042607 0.057644 0.035088 0.132206 
0.023881 0.399341 0.048562 0.032577 0.062447 0.057644 0.087719 0.047619 0.107769 0.065163 0.102757 0.052632 0.082707 0.052632 0.090226 0.055138 0.082707 0.052632 0.052632 0.057644 0.042607 0.136278 
0.028173 0.364937 0.049848 0.026401 0.060499 0.052632 0.085213 0.045113 0.100251 0.055138 0.112782 0.045113 0.087719 0.045113 0.095238 0.050125 0.085213 0.052632 0.050125 0.062657 0.042607 0.133459 
0.025373 0.374503 0.065593 0.021237 0.064280 0.040100 0.092732 0.045113 0.105263 0.057644 0.115288 0.057644 0.092732 0.055138 0.097744 0.057644 0.087719 0.065163 0.055138 0.062657 0.037594 0.140664 
0.021943 0.385443 0.043825 0.029155 0.059218 0.050125 0.095238 0.042607 0.100251 0.047619 0.110276 0.042607 0.097744 0.042607 0.102757 0.050125 0.082707 0.050125 0.060150 0.055138 0.040100 0.133772 
0.016632 0.372527 0.052022 0.020211 0.059525 0.037594 0.090226 0.037594 0.107769 0.045113 0.112782 0.045113 0.102757 0.045113 0.107769 0.052632 0.080201 0.052632 0.055138 0.062657 0.050125 0.135652 
0.009919 0.381868 0.049253 0.026833 0.056188 0.055138 0.085213 0.050125 0.097744 0.057644 0.097744 0.055138 0.080201 0.055138 0.087719 0.057644 0.077694 0.055138 0.055138 0.060150 0.040100 0.133459 
0.008463 0.384293 0.050344 0.026722 0.058690 0.052632 0.092732 0.040100 0.100251 0.047619 0.107769 0.045113 0.090226 0.045113 0.097744 0.055138 0.082707 0.057644 0.057644 0.055138 0.047619 0.134398 
0.007353 0.372087 0.050844 0.023012 0.056575 0.052632 0.082707 0.047619 0.100251 0.055138 0.107769 0.055138 0.080201 0.055138 0.085213 0.062657 0.077694 0.055138 0.050125 0.062657 0.040100 0.133772 
0.004650 0.351287 0.062613 0.018008 0.064313 0.052632 0.090226 0.045113 0.105263 0.050125 0.107769 0.052632 0.077694 0.055138 0.082707 0.062657 0.075188 0.067669 0.050125 0.067669 0.035088 0.134712 
0.004691 0.379837 0.048811 0.026530 0.057414 0.047619 0.092732 0.045113 0.102757 0.050125 0.112782 0.045113 0.095238 0.045113 0.100251 0.052632 0.085213 0.052632 0.062657 0.057644 0.052632 0.137531 
0.005882 0.376584 0.050333 0.024645 0.054598 0.052632 0.092732 0.042607 0.100251 0.052632 0.107769 0.047619 0.082707 0.047619 0.087719 0.060150 0.080201 0.057644 0.052632 0.060150 0.042607 0.133459 
0.007311 0.386012 0.048605 0.027695 0.055096 0.055138 0.095238 0.047619 0.100251 0.050125 0.110276 0.050125 0.082707 0.050125 0.090226 0.055138 0.077694 0.057644 0.055138 0.057644 0.047619 0.135338 
0.003690 0.367735 0.051190 0.022793 0.054436 0.057644 0.090226 0.040100 0.102757 0.055138 0.110276 0.052632 0.077694 0.057644 0.085213 0.062657 0.070175 0.060150 0.052632 0.060150 0.037594 0.134085 
