0.486556 0.597939 0.031511 0.112683 0.401520 0.045113 0.087719 0.027569 0.112782 0.027569 0.130326 0.020050 0.157895 0.020050 0.165414 0.020050 0.172932 0.007519 0.187970 0.002506 0.203008 0.173559 
0.333217 0.621332 0.062651 0.126165 0.407207 0.037594 0.117794 0.027569 0.150376 0.025063 0.165414 0.020050 0.195489 0.020050 0.203008 0.020050 0.210526 0.007519 0.225564 0.007519 0.245614 0.209900 
0.304622 0.531891 0.048688 0.056187 0.344236 0.045113 0.087719 0.030075 0.115288 0.030075 0.132832 0.022556 0.160401 0.022556 0.167920 0.022556 0.175439 0.007519 0.187970 0.005013 0.205514 0.177318 
0.279993 0.487990 0.055011 0.043908 0.312424 0.057644 0.072682 0.040100 0.097744 0.040100 0.115288 0.027569 0.137845 0.027569 0.145363 0.027569 0.152882 0.010025 0.162907 0.005013 0.177945 0.162281 
0.262516 0.532988 0.082967 0.073464 0.366417 0.040100 0.110276 0.027569 0.140351 0.027569 0.157895 0.020050 0.185464 0.020050 0.192982 0.020050 0.200501 0.005013 0.213033 0.002506 0.230576 0.199248 
0.248011 0.518906 0.087755 0.067586 0.353902 0.040100 0.110276 0.025063 0.137845 0.025063 0.155388 0.020050 0.182957 0.020050 0.187970 0.017544 0.192982 0.007519 0.210526 0.005013 0.225564 0.195489 
0.221555 0.487530 0.090423 0.038136 0.297920 0.060150 0.085213 0.042607 0.110276 0.042607 0.122807 0.027569 0.140351 0.027569 0.135338 0.027569 0.140351 0.012531 0.152882 0.010025 0.170426 0.163534 
0.204070 0.461191 0.101700 0.029862 0.275143 0.067669 0.070175 0.052632 0.097744 0.050125 0.110276 0.037594 0.125313 0.040100 0.117794 0.037594 0.112782 0.020050 0.122807 0.017544 0.137845 0.152256 
0.191632 0.459847 0.098086 0.036796 0.289836 0.052632 0.062657 0.040100 0.092732 0.040100 0.110276 0.035088 0.135338 0.035088 0.137845 0.035088 0.137845 0.017544 0.145363 0.015038 0.160401 0.156642 
0.175134 0.456649 0.097947 0.035047 0.272904 0.062657 0.072682 0.045113 0.097744 0.042607 0.112782 0.032581 0.127820 0.035088 0.130326 0.035088 0.117794 0.020050 0.122807 0.020050 0.140351 0.151942 
0.148484 0.433676 0.101002 0.024979 0.236805 0.065163 0.062657 0.050125 0.090226 0.045113 0.102757 0.042607 0.117794 0.045113 0.100251 0.050125 0.082707 0.042607 0.075188 0.037594 0.090226 0.137531 
0.132929 0.440028 0.101073 0.028117 0.234130 0.070175 0.065163 0.052632 0.090226 0.050125 0.105263 0.037594 0.122807 0.040100 0.115288 0.045113 0.097744 0.040100 0.080201 0.040100 0.087719 0.142544 
0.127680 0.406098 0.108233 0.026921 0.219465 0.067669 0.057644 0.050125 0.082707 0.047619 0.097744 0.037594 0.107769 0.040100 0.102757 0.057644 0.070175 0.070175 0.037594 0.067669 0.042607 0.129699 
0.099236 0.426427 0.112012 0.029631 0.213444 0.085213 0.055138 0.060150 0.072682 0.057644 0.087719 0.040100 0.097744 0.040100 0.090226 0.057644 0.072682 0.070175 0.040100 0.062657 0.035088 0.128133 
0.090279 0.423967 0.100429 0.021151 0.199440 0.075188 0.060150 0.057644 0.085213 0.055138 0.100251 0.040100 0.112782 0.045113 0.107769 0.057644 0.087719 0.055138 0.060150 0.060150 0.045113 0.138158 
0.073827 0.393563 0.098836 0.028352 0.194805 0.090226 0.050125 0.060150 0.062657 0.055138 0.075188 0.037594 0.087719 0.042607 0.087719 0.057644 0.077694 0.057644 0.057644 0.072682 0.040100 0.126566 
0.082716 0.389585 0.078348 0.021973 0.183563 0.057644 0.062657 0.040100 0.087719 0.037594 0.102757 0.030075 0.127820 0.032581 0.125313 0.037594 0.112782 0.035088 0.087719 0.050125 0.052632 0.135025 
0.063683 0.389347 0.089781 0.020723 0.179104 0.072682 0.062657 0.052632 0.085213 0.050125 0.100251 0.032581 0.117794 0.037594 0.115288 0.055138 0.105263 0.052632 0.070175 0.062657 0.045113 0.139724 
0.067991 0.374823 0.081285 0.017766 0.163666 0.067669 0.060150 0.050125 0.085213 0.047619 0.100251 0.032581 0.120301 0.037594 0.115288 0.052632 0.077694 0.055138 0.050125 0.067669 0.035088 0.131892 
0.079543 0.434112 0.089780 0.030633 0.152757 0.092732 0.060150 0.072682 0.082707 0.065163 0.092732 0.047619 0.107769 0.050125 0.107769 0.055138 0.105263 0.042607 0.085213 0.055138 0.067669 0.148810 
0.068015 0.415466 0.074506 0.023705 0.157415 0.072682 0.070175 0.055138 0.095238 0.052632 0.110276 0.037594 0.130326 0.037594 0.135338 0.042607 0.130326 0.032581 0.122807 0.042607 0.082707 0.156328 
0.052162 0.397215 0.069355 0.023894 0.144006 0.070175 0.062657 0.052632 0.087719 0.052632 0.102757 0.040100 0.125313 0.047619 0.122807 0.052632 0.105263 0.045113 0.082707 0.050125 0.057644 0.144737 
0.052960 0.439210 0.067767 0.035257 0.155466 0.065163 0.080201 0.047619 0.105263 0.045113 0.120301 0.030075 0.140351 0.030075 0.137845 0.035088 0.140351 0.027569 0.122807 0.032581 0.095238 0.156955 
0.048673 0.403562 0.070266 0.022877 0.137872 0.067669 0.075188 0.047619 0.097744 0.045113 0.112782 0.030075 0.132832 0.030075 0.130326 0.040100 0.122807 0.042607 0.090226 0.050125 0.065163 0.147556 
0.040648 0.408402 0.063938 0.030698 0.130841 0.067669 0.077694 0.050125 0.102757 0.047619 0.117794 0.035088 0.140351 0.035088 0.137845 0.040100 0.117794 0.030075 0.110276 0.040100 0.095238 0.155702 
0.037036 0.384298 0.063205 0.017645 0.124527 0.067669 0.067669 0.047619 0.090226 0.045113 0.105263 0.030075 0.125313 0.035088 0.127820 0.045113 0.100251 0.045113 0.075188 0.055138 0.057644 0.140038 
0.025043 0.383727 0.064858 0.019878 0.115950 0.072682 0.067669 0.055138 0.090226 0.052632 0.105263 0.037594 0.125313 0.042607 0.120301 0.050125 0.095238 0.045113 0.067669 0.057644 0.055138 0.142544 
0.021722 0.396182 0.058441 0.030393 0.118491 0.060150 0.080201 0.042607 0.102757 0.040100 0.117794 0.027569 0.140351 0.030075 0.140351 0.032581 0.125313 0.032581 0.092732 0.045113 0.082707 0.149123 
0.024703 0.396142 0.059287 0.025885 0.116042 0.055138 0.075188 0.040100 0.100251 0.040100 0.117794 0.030075 0.142857 0.030075 0.142857 0.032581 0.135338 0.037594 0.095238 0.047619 0.077694 0.150063 
0.027545 0.417339 0.056107 0.043730 0.121730 0.062657 0.077694 0.050125 0.102757 0.047619 0.117794 0.032581 0.137845 0.035088 0.140351 0.037594 0.127820 0.035088 0.100251 0.040100 0.085213 0.153822 
0.023147 0.393953 0.056418 0.021922 0.096903 0.062657 0.072682 0.045113 0.087719 0.042607 0.102757 0.032581 0.127820 0.037594 0.127820 0.045113 0.105263 0.047619 0.077694 0.052632 0.060150 0.140977 
0.022556 0.388117 0.054899 0.026451 0.095851 0.062657 0.072682 0.052632 0.095238 0.047619 0.107769 0.032581 0.127820 0.032581 0.127820 0.037594 0.115288 0.040100 0.077694 0.052632 0.070175 0.144110 
0.018650 0.404549 0.061354 0.030415 0.094453 0.060150 0.080201 0.047619 0.100251 0.045113 0.115288 0.030075 0.132832 0.035088 0.132832 0.047619 0.125313 0.042607 0.090226 0.050125 0.072682 0.151002 
0.019847 0.373658 0.051728 0.019164 0.086462 0.060150 0.070175 0.047619 0.087719 0.045113 0.102757 0.032581 0.125313 0.037594 0.117794 0.042607 0.100251 0.047619 0.070175 0.050125 0.052632 0.136278 
0.026501 0.396257 0.057155 0.031916 0.089443 0.065163 0.077694 0.057644 0.087719 0.055138 0.102757 0.037594 0.120301 0.045113 0.125313 0.045113 0.107769 0.045113 0.097744 0.057644 0.065163 0.149123 
0.024182 0.377120 0.056888 0.024436 0.083448 0.067669 0.072682 0.062657 0.092732 0.060150 0.107769 0.040100 0.122807 0.042607 0.125313 0.050125 0.105263 0.042607 0.072682 0.052632 0.060150 0.147243 
0.032197 0.380551 0.068839 0.020890 0.085969 0.075188 0.060150 0.075188 0.070175 0.067669 0.080201 0.050125 0.097744 0.052632 0.092732 0.062657 0.067669 0.060150 0.050125 0.062657 0.047619 0.134085 
0.029054 0.379018 0.047577 0.026541 0.079304 0.057644 0.080201 0.052632 0.095238 0.050125 0.110276 0.035088 0.130326 0.037594 0.127820 0.052632 0.100251 0.047619 0.075188 0.055138 0.077694 0.148183 
